[header.jpg]
filters=HDR=1,20.000000,3.000000,0.000000;CrossProcess=1,0.000000;Border=1,6.432749,0.000000,0.000000,00000000,00ffffff,0.000000;
moddate=8000d2ac6aa2ce01
width=1000
height=146
text=1;140;12;- Contact us;Trebuchet MS;0.278108,0.196880,0.496078,0.000000;v1,4279374162,4279373641,128.000000,1.000000,0.345794,1.000000,700,2,49152;;
textactive=1
[new.jpg]
filters=Border=1,38.596489,0.000000,0.000000,00000000,00ffffff,0.000000;Comicize=1,20.000000,80.701759,11.695907;
moddate=80cbb0ab8aa2ce01
width=2880
height=3206
textactive=0
